# Brevitas QAT Quantization Parameters
# Format: layer_name: scale_value

conv1_scale: 0.02925268
conv2_scale: 0.01104123
conv3_scale: 0.01056456
conv4_scale: 0.00967805
fc1_scale: 0.01669547
fc2_scale: 0.01096124
fc_out_scale: 0.02092856
